10.8
-35.5
30
11.2
-37.4
35
11.7
-39.6
35
12.3
-42.0
40
13.1
-44.2
40
13.6
-46.2
45
14.1
-48.0
50
14.6
-49.9
50
15.4
-51.8
50
16.3
-53.5
50
17.2
-55.3
50
18.0
-56.9
50
18.8
-58.3
50
19.8
-59.3
45
20.7
-60.0
45
21.7
-60.7
45
22.5
-61.5
45
23.2
-62.4
50
23.9
-63.3
50
24.4
-64.2
60
24.8
-64.9
60
25.3
-65.9
65
25.6
-67.0
75
25.8
-68.3
90
25.7
-69.7
110
25.6
-71.1
125
25.5
-72.5
150
25.4
-74.2
165
25.4
-75.8
175
25.4
-77.5
145
25.4
-79.3
150
25.6
-81.2
135
25.8
-83.1
135
26.2
-85.0
135
26.6
-86.7
135
27.2
-88.2
140
27.8
-89.6
145
28.5
-90.5
145
29.2
-91.3
140
30.1
-91.7
90
30.9
-91.6
60
31.5
-91.1
40
32.1
-90.5
35
32.8
-89.6
35
33.6
-88.4
30
34.4
-86.7
25
35.4
-84.0
25
0
