13.5
-67.4
30
14.4
-68.5
35
15.1
-69.6
40
15.8
-70.5
60
16.4
-71.2
70
16.9
-71.7
85
17.5
-72.1
90
18.1
-72.8
80
18.4
-73.1
60
18.6
-73.4
50
18.7
-73.7
50
18.9
-74.0
50
18.8
-75.1
45
18.1
-75.4
50
17.9
-75.7
70
18.0
-76.2
70
17.8
-77.0
70
18.0
-77.7
65
18.3
-78.4
60
18.8
-79.2
75
19.2
-80.0
85
19.7
-80.8
100
20.7
-81.6
125
21.6
-82.5
145
22.7
-83.5
140
23.6
-84.4
120
24.8
-85.5
115
25.9
-86.7
110
26.9
-87.7
110
27.9
-89.0
110
28.8
-90.3
110
29.8
-91.4
100
30.7
-92.3
70
31.4
-93.1
45
32.1
-93.5
35
32.7
-93.9
25
33.2
-93.9
25
33.7
-94.3
25
33.8
-94.4
25
34.0
-94.4
25
34.3
-94.1
15
34.8
-93.4
15
36.2
-92.3
15
38.5
-90.7
25
40.2
-88.7
25
42.2
-86.5
25
43.7
-83.8
25
0
