17.2
-37.0
35
17.3
-38.4
40
17.5
-39.9
50
17.8
-41.3
50
18.2
-42.8
50
18.7
-44.3
60
19.3
-45.8
65
19.8
-47.3
65
20.2
-48.8
65
20.6
-50.3
70
21.1
-51.9
85
21.8
-53.5
120
22.4
-55.0
145
23.0
-56.4
140
23.4
-57.7
135
23.6
-59.0
135
23.6
-60.4
135
23.5
-61.9
120
23.2
-63.4
115
22.8
-64.9
115
22.4
-66.3
115
21.9
-67.7
110
21.5
-69.0
135
21.2
-70.3
135
21.1
-71.6
135
21.0
-72.8
125
21.0
-74.0
120
21.1
-75.2
135
21.1
-76.5
115
21.1
-77.8
100
21.2
-79.1
85
21.5
-80.3
80
22.0
-81.4
80
22.4
-82.4
80
22.7
-83.3
75
23.1
-84.0
75
23.4
-84.6
80
23.8
-85.2
90
24.2
-85.8
100
24.7
-86.4
100
25.1
-87.1
100
25.5
-88.0
100
25.8
-88.9
100
26.1
-90.0
100
26.4
-91.1
105
26.9
-92.2
110
27.5
-93.2
110
28.3
-94.0
110
29.1
-94.6
110
30.3
-95.2
100
31.7
-95.3
60
33.5
-94.9
40
35.5
-93.7
40
37.6
-91.0
45
40.3
-87.2
60
43.3
-81.5
60
45.8
-75.3
45
47.2
-71.1
40
0
