14.90
-58.50
50
15.30
-59.90
50
16.40
-61.30
50
17.00
-63.20
50
17.70
-64.40
50
17.90
-65.50
70
18.40
-66.40
75
19.20
-67.50
80
19.50
-68.60
80
19.70
-68.70
100
19.90
-69.20
100
20.30
-70.10
100
20.50
-71.00
100
20.90
-71.50
90
21.30
-72.40
90
21.60
-72.90
110
22.40
-73.90
115
23.10
-74.70
120
23.80
-75.40
120
24.60
-76.20
115
25.90
-76.80
115
27.00
-77.30
115
28.30
-77.30
115
29.30
-77.20
110
30.70
-77.30
105
31.70
-77.40
100
32.60
-76.90
100
34.10
-76.50
90
35.20
-76.40
85
36.20
-76.00
80
37.30
-75.40
80
39.20
-74.50
75
41.40
-73.70
60
42.70
-72.80
50
45.30
-71.30
50
0
