12.3
-39.1
40
12.5
-40.6
45
12.3
-41.7
50
12.5
-42.8
60
13.1
-44.5
70
13.9
-45.8
75
14.4
-47.5
85
14.8
-49.1
90
14.9
-50.6
90
15.2
-51.4
105
15.5
-52.4
120
15.6
-53.2
120
15.6
-53.2
120
15.6
-53.9
120
15.8
-54.4
120
16.0
-55.3
125
16.1
-56.2
125
16.2
-56.9
150
16.3
-57.1
150
16.4
-57.7
150
16.6
-58.3
150
16.7
-58.8
150
16.9
-59.3
155
17.2
-59.6
150
17.5
-60.3
150
17.8
-60.7
145
18.3
-61.3
145
18.8
-61.9
145
19.2
-62.4
145
19.4
-62.9
145
19.8
-63.4
130
20.4
-64.0
130
20.8
-64.5
130
21.2
-65.3
130
21.7
-65.8
130
22.8
-66.9
120
23.7
-68.1
115
24.4
-68.6
105
25.5
-69.1
105
26.4
-69.2
100
27.1
-69.5
85
27.5
-69.0
75
27.5
-68.3
75
27.6
-67.4
75
26.5
-66.4
75
26.1
-66.0
75
25.5
-65.6
75
25.3
-65.6
75
25.2
-66.0
80
25.1
-66.5
75
24.9
-66.6
70
25.2
-67.3
70
25.5
-68.0
70
25.9
-68.7
70
26.5
-69.4
70
27.1
-70.3
75
27.4
-71.0
80
27.9
-71.8
80
28.8
-72.2
80
28.9
-71.9
80
29.2
-71.8
80
30.0
-71.7
80
31.0
-71.9
90
31.5
-71.8
90
31.9
-71.7
90
32.2
-71.6
90
32.6
-71.6
90
33.0
-71.4
85
33.5
-71.2
85
33.9
-71.1
75
34.2
-71.0
75
34.8
-71.1
75
34.8
-71.5
75
35.2
-71.3
75
35.6
-71.3
75
36.0
-71.3
75
36.3
-71.6
75
36.5
-71.7
75
36.9
-71.5
75
37.2
-71.3
75
37.5
-71.2
75
37.9
-70.8
70
38.2
-70.5
70
38.4
-70.3
65
38.8
-70.2
65
39.0
-70.0
70
39.2
-69.3
70
39.2
-69.1
70
39.4
-68.6
65
39.5
-68.2
60
39.8
-67.8
60
39.8
-67.8
60
39.6
-68.1
60
39.6
-68.2
60
39.5
-67.9
60
39.6
-67.9
50
39.6
-68.1
50
39.5
-68.4
50
39.6
-68.5
50
39.7
-68.7
50
39.7
-69.0
50
39.5
-69.4
45
39.3
-69.3
45
39.3
-69.1
45
0
