13.4
-60.7
60
13.4
-60.7
60
13.6
-61.3
60
13.8
-62.0
60
13.8
-62.0
60
13.9
-62.4
65
13.9
-63.1
65
13.9
-63.1
65
13.9
-64.0
65
14.0
-64.7
65
14.0
-64.7
65
14.1
-65.5
70
14.2
-66.3
70
14.1
-67.8
75
14.1
-68.8
80
14.1
-69.3
100
14.0
-69.9
100
13.7
-70.8
115
13.5
-71.6
140
13.3
-72.3
160
13.3
-72.8
155
13.4
-73.4
145
13.5
-73.4
150
13.8
-73.6
150
13.9
-74.1
150
14.0
-74.6
140
14.6
-74.8
145
14.7
-75.0
145
15.2
-74.9
135
15.6
-75.0
140
16.3
-74.7
140
16.9
-74.6
145
17.8
-74.4
145
18.9
-74.3
145
19.8
-74.3
140
20.4
-74.4
135
21.1
-74.6
125
21.8
-75.2
120
22.5
-75.7
120
23.4
-76.4
115
24.2
-77.1
125
25.1
-77.8
140
26.2
-78.6
140
27.1
-79.2
135
28.2
-80.0
120
29.4
-80.5
120
30.2
-80.7
110
31.2
-80.5
105
32.0
-80.5
105
33.0
-79.4
75
33.8
-78.2
75
34.1
-76.5
75
34.9
-75.1
75
35.2
-73.7
75
35.4
-72.0
75
0
